191
51
160
188
8
129
108
131
175
38
227
78
255
101
86
67
116
231
54
140
193
181
60
250
155
125
245
113
252
245
151
77
86
180
75
42
178
244
214
12
136
142
164
202
190
98
52
65
69
227
101
227
128
91
151
249
204
247
65
158
62
228
95
176
198
246
64
23
159
55
79
140
86
242
118
225
79
47
18
3
178
163
70
138
164
12
83
63
110
24
78
226
200
128
61
221
47
54
93
175
150
32
6
56
237
90
250
153
19
93
211
4
100
249
161
135
249
49
135
253
20
84
152
255
13
18
226
78
153
49
185
117
95
142
90
153
77
135
68
53
159
132
224
144
30
10
40
212
225
125
132
199
9
232
102
48
41
170
62
119
184
24
92
10
128
216
34
107
167
130
39
188
34
124
204
121
102
86
102
51
89
54
113
198
145
243
41
226
95
188
78
202
5
101
156
101
71
138
165
89
36
103
161
151
65
173
63
165
200
248
66
42
85
23
53
8
217
215
7
132
114
156
115
141
30
142
84
36
0
224
203
103
39
149
70
203
164
203
42
59
124
249
86
85
137
247
171
102
203
74
232
6
142
108
48
119
77
2
12
241
163
89
130
42
128
77
227
205
211
56
234
178
81
128
247
220
77
115
62
116
97
14
204
162
176
33
80
95
22
229
12
248
88
112
66
123
129
147
41
106
167
128
200
138
178
159
201
188
141
122
21
116
52
246
176
248
81
71
174
247
208
58
30
206
110
17
187
141
30
6
68
192
47
101
132
183
140
219
73
75
235
64
123
66
110
72
111
176
148
207
158
77
98
85
70
88
39
163
110
71
108
52
173
208
248
138
27
86
83
23
106
110
34
68
53
152
42
143
220
244
130
139
41
92
84
158
157
141
137
227
0
42
100
228
96
239
135
3
151
242
76
170
50
131
32
222
215
147
191
17
35
234
89
61
133
86
59
37
219
176
71
227
75
195
6
51
79
90
88
99
29
163
100
142
179
161
236
197
141
255
159
186
80
103
65
93
49
67
208
40
212
120
178
35
112
100
254
249
229
99
187
120
242
164
52
240
215
228
102
29
112
49
241
236
89
49
190
109
223
96
106
16
127
169
165
63
166
113
228
25
237
122
30
166
79
25
243
251
110
68
152
246
91
204
168
220
45
74
111
202
6
214
227
191
54
36
129
6
210
45
140
149
137
226
63
202
160
9
45
108
13
42
16
209
205
61
201
21
133
64
92
47
147
96
54
104
26
185
12
80
164
35
204
183
121
43
252
5
136
6
192
207
8
118
145
46
118
195
166
76
77
42
197
169
173
125
10
34
173
81
213
32
9
91
149
0
150
32
19
48
151
222
77
232
81
237
35
239
110
105
60
124
31
4
18
159
146
89
253
220
216
5
252
188
20
230
21
114
213
168
115
221
232
192
187
189
134
34
183
204
191
180
178
117
217
15
191
235
76
249
56
210
102
61
123
101
21
199
154
0
17
232
254
184
69
224
185
29
117
236
175
32
31
47
168
158
111
195
136
144
38
123
204
160
117
157
199
183
172
13
182
106
78
97
94
184
20
191
87
255
107
190
14
202
211
57
174
161
74
83
238
148
209
108
30
108
111
67
20
33
237
38
80
63
35
132
107
201
240
56
134
240
24
173
181
38
210
237
67
46
187
210
220
71
62
126
243
200
52
152
66
182
149
114
72
96
47
134
69
170
213
38
220
75
103
252
253
88
92
129
80
147
50
14
96
139
168
47
117
228
236
195
166
1
203
57
253
183
143
91
235
27
162
165
55
143
218
24
138
169
242
193
255
28
185
95
255
116
80
215
99
96
4
164
6
211
200
99
105
243
130
37
9
21
140
97
61
42
137
58
95
2
250
221
170
174
207
235
126
228
131
45
14
54
41
21
170
188
145
106
65
80
38
237
51
18
236
134
254
181
140
35
164
67
203
182
236
217
214
233
190
133
17
46
146
40
201
222
219
166
123
84
199
215
93
73
245
122
4
103
9
173
152
153
13
52
141
150
110
167
198
118
225
160
163
188
183
99
83
227
63
197
154
117
235
126
2
87
179
30
171
36
147
159
237
240
109
248
139
194
199
167
169
139
246
67
139
155
241
195
203
113
198
46
214
252
42
31
211
108
17
152
156
164
165
171
181
185
59
76
18
31
61
0
37
19
10
38
33
201
202
252
146
112
250
117
211
218
191
178
157
23
140
99
120
164
15
91
156
124
51
124
133
21
209
174
9
218
39
138
26
252
128
163
78
53
147
242
202
49
169
149
8
101
141
221
233
226
166
190
122
134
96
26
225
160
135
52
96
47
20
62
131
179
93
87
70
104
181
217
55
196
220
165
80
161
22
53
25
67
193
226
70
143
163
215
167
182
238
219
58
149
33
140
250
231
43
197
243
55
196
94
13
69
219
174
92
166
168
141
119
185
141
70
11
248
112
248
199
123
181
36
187
1
4
67
99
97
21
24
159
91
113
207
97
169
4
131
242
72
251
110
36
79
168
15
0
188
139
175
155
141
158
79
253
41
16
145
237
205
254
17
83
121
48
131
190
217
127
121
199
125
214
43
194
217
112
47
160
57
175
227
28
173
214
171
131
208
25
227
22
182
213
97
164
246
78
151
33
164
6
80
76
168
166
177
178
162
72
133
88
225
70
245
130
127
78
15
86
35
203
88
235
193
182
187
30
205
7
89
76
223
245
239
198
112
10
241
208
114
206
82
101
69
8
178
53
111
42
177
201
47
125
209
207
252
123
94
245
170
240
240
233
56
243
90
177
2
168
41
164
109
149
205
118
89
220
229
72
247
185
69
219
11
183
4
117
129
7
84
135
192
131
213
93
50
79
211
76
130
15
41
60
45
210
19
39
151
133
152
42
47
94
195
217
248
154
56
24
178
224
58
224
226
83
70
63
27
167
52
158
153
101
168
129
169
114
176
45
169
85
110
143
250
74
205
78
211
211
184
105
202
5
173
108
46
102
120
114
143
219
60
99
228
171
78
73
88
40
125
139
231
84
109
97
125
120
53
24
112
26
38
39
1
151
180
133
44
216
80
217
183
7
109
221
206
187
196
33
235
177
104
112
145
149
45
131
143
200
45
148
206
43
16
253
229
232
47
47
185
251
121
226
236
15
197
172
108
124
188
224
24
9
17
117
13
216
36
138
9
210
207
135
38
236
117
94
34
34
81
246
210
168
145
114
104
220
120
184
177
112
140
49
180
227
28
155
135
185
201
79
75
164
207
209
15
114
210
222
143
179
229
184
92
161
251
238
100
31
193
174
43
45
201
160
185
145
52
19
58
11
234
168
42
46
243
209
49
238
1
202
94
60
227
197
36
217
168
132
128
188
159
82
237
217
45
90
219
22
35
190
28
80
224
173
54
244
42
234
22
18
47
220
120
155
72
139
208
151
19
114
20
252
25
45
213
46
68
153
153
52
254
69
154
22
47
254
204
59
76
195
43
154
175
38
24
218
194
53
192
63
29
216
11
135
228
124
10
139
103
145
37
130
25
221
211
43
44
93
173
40
243
233
243
85
136
2
114
49
91
120
207
19
97
167
244
236
107
234
18
24
181
59
183
79
114
98
184
11
42
154
162
175
24
26
195
252
211
6
15
189
80
214
79
204
165
196
242
175
224
29
73
26
173
251
155
111
12
202
8
147
191
65
39
194
183
66
207
150
54
165
40
99
112
103
78
72
178
249
223
88
46
118
235
24
41
250
72
107
160
66
132
146
67
239
104
143
208
56
227
215
219
154
31
41
208
116
141
216
238
111
41
68
66
210
162
164
191
128
151
92
42
188
155
163
8
253
113
122
32
224
167
88
205
184
3
220
50
183
140
146
105
202
2
146
9
19
24
82
41
136
176
141
254
178
64
30
65
79
24
152
40
239
242
39
61
130
100
140
73
42
199
62
198
133
207
219
180
113
163
184
61
215
101
188
134
155
248
55
243
99
24
246
4
183
200
127
39
126
57
212
147
191
229
77
165
65
194
116
71
40
80
1
167
23
207
79
7
155
32
54
43
89
36
241
94
143
220
63
68
235
243
138
210
145
115
225
149
63
164
112
43
47
107
158
112
49
42
255
120
175
43
30
87
182
26
83
183
185
25
189
187
48
226
206
14
7
252
152
55
215
126
41
73
162
151
213
124
99
99
59
130
200
245
184
186
109
189
156
240
182
23
138
73
95
40
224
114
238
202
79
60
34
237
103
85
110
171
52
39
186
118
165
191
189
133
154
246
151
110
119
149
94
89
68
78
137
69
157
167
214
157
42
22
234
58
155
164
201
158
152
47
174
74
231
171
233
2
77
113
159
79
143
63
132
87
213
185
115
40
228
117
11
239
59
100
166
209
43
135
151
84
83
95
51
88
235
57
36
163
72
234
98
201
181
131
238
105
25
129
237
37
61
218
109
118
26
157
248
238
163
152
1
118
89
126
180
99
150
153
14
164
50
149
40
53
184
121
66
208
209
146
243
87
121
44
223
44
121
58
113
183
128
33
223
136
21
208
103
146
0
113
124
6
194
115
29
135
114
23
142
222
118
203
109
197
151
9
112
69
239
68
49
138
145
77
190
241
174
71
234
193
137
111
76
228
228
70
129
202
18
200
229
2
35
64
208
80
214
88
133
122
138
57
162
91
111
23
221
42
191
88
109
234
161
254
133
55
18
133
225
45
41
57
24
209
69
126
217
63
118
88
63
159
191
34
124
161
142
184
128
118
115
55
204
163
37
176
150
224
154
248
242
137
204
132
191
180
75
46
88
248
88
97
108
232
24
51
28
12
237
34
203
105
88
137
99
8
45
113
194
82
231
230
249
46
133
105
154
199
144
117
102
198
157
89
17
113
83
203
49
200
150
208
30
4
208
142
251
97
24
205
57
4
152
16
153
218
4
247
7
62
177
168
184
10
201
176
152
53
0
13
141
18
85
22
43
129
222
194
240
68
99
44
105
125
10
251
93
112
122
28
238
28
221
6
113
119
13
155
135
82
116
71
47
224
193
154
35
30
127
140
134
148
143
70
43
233
193
217
240
54
209
163
246
69
101
36
47
214
244
70
16
47
179
157
222
137
201
237
227
217
90
131
45
44
133
37
219
30
92
128
14
0
124
198
199
77
109
231
11
201
239
130
159
42
98
174
48
191
170
50
99
221
35
49
47
195
197
208
122
16
135
49
38
27
77
254
160
33
61
84
119
188
55
82
176
75
231
234
82
161
74
195
118
29
83
228
162
230
231
240
95
173
36
101
144
107
70
66
170
137
184
159
139
22
241
156
95
38
215
133
41
158
108
189
64
187
14
134
47
183
197
139
176
206
45
19
81
12
249
177
209
64
169
194
216
22
229
238
159
235
55
156
202
206
150
248
16
43
72
254
51
71
41
113
166
89
98
5
130
197
28
176
6
21
106
16
39
67
225
195
172
136
170
184
175
152
66
251
221
248
55
243
248
134
153
37
229
158
188
255
48
139
37
245
80
53
171
83
9
168
21
153
122
2
102
247
215
48
234
168
35
207
187
57
254
127
51
120
70
78
122
154
151
23
41
245
64
197
87
14
113
165
60
72
56
53
25
173
161
20
50
89
159
51
8
223
184
218
103
196
87
22
61
213
146
113
26
237
231
91
247
177
211
155
47
80
164
182
156
115
185
200
230
226
236
53
72
206
48
254
251
128
161
166
147
117
26
0
68
37
71
28
20
18
125
203
77
185
14
235
125
67
10
210
239
108
78
210
63
52
63
206
34
92
101
66
230
94
80
54
68
97
55
226
44
101
122
184
82
131
35
179
111
63
71
192
94
18
56
135
208
185
48
166
222
216
86
240
110
247
139
145
82
215
200
192
161
136
18
166
29
46
172
225
212
104
77
134
216
22
200
122
132
170
87
129
98
91
228
242
38
62
0
55
40
122
38
113
32
191
66
81
231
200
234
137
15
218
45
171
158
20
223
229
188
231
248
195
143
181
37
170
246
5
15
83
216
98
219
34
38
136
151
229
190
51
153
238
180
209
28
59
122
214
12
82
189
139
82
201
169
233
60
206
17
48
105
87
12
151
170
109
215
24
32
197
8
86
107
211
213
68
63
94
11
35
23
158
230
224
218
244
99
60
25
50
167
11
39
15
241
209
198
19
13
158
40
78
146
158
215
171
135
68
168
31
140
63
62
167
225
111
38
118
228
86
165
26
199
106
64
27
114
57
222
64
208
186
30
115
143
23
113
116
142
162
235
123
180
209
149
64
200
197
101
224
159
216
219
12
155
25
127
39
3
153
173
140
135
12
167
200
12
124
103
150
2
24
227
205
176
219
242
97
188
175
212
215
37
57
90
2
208
208
123
186
124
18
127
254
105
11
91
5
84
41
51
138
229
63
138
246
178
123
7
83
92
93
242
20
40
179
215
96
252
212
41
51
202
102
208
40
204
175
147
122
8
166
21
127
168
3
212
205
233
196
73
173
67
168
20
19
203
87
230
217
168
92
191
248
44
5
196
167
52
51
120
201
126
158
27
239
114
4
124
41
11
14
99
63
166
195
81
34
153
243
65
66
38
63
107
38
167
72
254
120
3
87
130
221
190
66
192
185
125
186
166
211
125
184
33
114
107
181
107
47
78
12
182
126
176
148
219
169
151
87
148
250
0
88
27
44
151
71
76
22
236
23
95
14
126
152
36
59
235
128
206
10
252
7
116
241
7
101
52
223
91
192
162
148
59
145
133
144
52
238
208
25
143
134
67
25
161
158
175
45
177
199
70
40
177
191
64
112
156
87
122
137
42
164
61
169
193
38
250
49
198
114
247
211
35
155
106
37
252
170
219
53
153
114
108
72
231
76
80
108
219
169
204
234
15
23
60
106
142
67
26
236
16
250
48
162
174
30
71
251
226
209
226
76
171
149
222
174
224
90
46
82
30
15
57
189
195
193
254
145
251
12
61
31
84
43
84
81
77
102
50
209
139
201
179
163
123
207
96
111
221
114
97
212
164
130
222
159
185
72
249
53
220
162
182
111
54
127
218
196
20
33
50
175
51
100
155
215
0
228
105
41
212
235
219
230
154
75
38
28
221
61
142
177
62
194
249
162
152
95
182
238
55
213
56
92
78
150
18
150
203
218
86
91
184
69
123
123
3
47
33
34
127
148
114
102
123
238
237
102
247
60
140
32
46
66
141
64
116
126
239
215
26
171
112
220
5
155
40
92
59
2
113
32
48
83
140
124
202
87
219
84
66
244
158
155
209
115
96
78
53
24
163
91
113
190
39
172
17
132
73
89
223
110
88
105
28
10
81
122
49
66
175
250
169
71
172
71
1
212
99
78
231
82
239
38
138
100
240
195
254
2
197
242
115
16
203
127
74
137
39
72
72
75
55
8
203
121
96
187
110
79
23
76
113
94
13
115
176
113
228
33
200
147
128
81
54
5
46
99
82
218
215
13
14
233
61
134
234
215
82
57
165
149
97
48
157
65
65
21
17
152
100
190
254
244
76
25
78
56
227
31
146
15
100
52
84
223
125
14
222
18
16
241
115
167
4
33
147
0
175
251
36
200
26
83
63
184
60
26
52
234
49
46
136
96
50
122
217
240
34
5
148
16
207
151
13
151
92
216
123
213
0
171
150
255
89
228
41
151
118
248
170
197
155
209
141
189
6
193
158
180
197
141
2
171
40
83
244
25
1
96
56
71
44
164
169
227
221
194
6
90
160
43
157
13
110
23
88
11
111
228
20
240
201
215
55
150
83
29
87
31
207
194
163
185
200
6
197
94
140
53
22
45
204
105
29
56
204
59
162
151
249
235
159
67
187
39
140
29
97
23
54
162
178
73
2
17
172
16
116
185
31
234
106
170
18
137
251
85
28
8
115
175
171
192
63
153
131
110
185
215
17
39
131
109
254
235
4
229
32
104
201
5
190
193
247
195
205
35
112
244
223
19
7
97
110
60
168
182
52
243
45
100
180
205
140
211
218
253
56
35
239
11
92
238
115
58
201
54
255
71
88
111
117
202
168
159
124
56
56
171
10
180
49
64
107
194
59
157
158
215
118
150
134
127
91
73
164
18
179
237
211
70
78
145
156
76
175
26
95
245
113
112
211
122
136
97
156
120
29
186
174
173
173
248
6
163
88
116
45
146
214
236
230
198
4
195
179
10
219
183
76
37
104
31
130
229
179
222
176
145
2
112
224
33
80
3
3
80
149
66
40
217
74
85
149
229
86
246
35
192
92
131
170
185
187
72
177
216
146
200
129
87
219
192
47
111
167
149
28
136
74
233
192
54
166
157
32
21
28
14
119
239
211
215
151
228
161
160
126
233
151
16
214
154
241
105
198
29
233
97
114
160
120
212
43
41
135
213
103
206
107
181
111
52
58
60
44
220
108
116
3
232
125
44
142
70
15
160
187
241
133
34
75
104
242
223
217
33
150
73
117
222
92
83
109
5
140
96
16
133
250
11
43
245
85
9
176
172
242
109
111
18
7
5
10
220
246
146
19
19
167
17
159
4
247
86
202
120
176
107
253
55
248
113
153
107
6
120
92
32
224
138
223
186
241
138
90
21
192
243
137
95
169
195
245
179
4
62
91
245
9
182
131
231
227
31
108
90
73
57
239
47
34
101
124
50
151
32
84
190
193
69
44
230
133
98
170
63
234
187
185
131
129
15
7
137
237
99
218
56
66
80
119
17
250
155
97
2
140
33
11
170
7
134
15
188
148
128
212
65
216
186
91
212
28
189
234
10
158
141
165
216
179
219
157
3
7
232
72
109
12
73
49
252
69
219
131
88
130
159
141
205
20
67
94
162
44
131
243
24
246
29
188
195
254
225
208
222
115
210
104
53
38
105
179
75
89
174
46
153
100
254
157
232
241
33
167
46
177
181
50
27
238
190
220
223
132
151
38
214
8
90
115
236
156
184
244
85
245
46
171
11
207
94
12
0
125
192
37
223
56
28
146
22
52
150
163
173
183
223
68
176
31
231
0
14
41
149
0
229
14
202
0
188
232
123
24
145
243
130
145
69
233
197
124
234
80
136
119
128
196
67
125
118
79
212
167
14
117
249
236
233
252
123
157
170
18
27
243
65
0
58
210
171
238
147
170
100
12
202
158
33
39
163
82
3
13
150
252
167
139
192
93
149
227
100
186
53
197
207
0
133
21
20
226
170
27
76
174
2
119
6
219
54
224
47
119
13
145
177
15
155
12
150
207
242
202
204
172
254
33
181
74
64
56
22
69
113
78
214
243
60
161
221
9
127
146
215
134
175
188
142
104
217
219
24
66
56
197
137
240
87
36
231
239
90
201
189
180
106
207
44
23
107
113
199
235
16
61
127
9
91
46
100
18
221
153
96
82
17
8
229
83
209
163
172
198
102
110
44
176
52
127
42
24
68
51
144
92
111
58
1
23
228
21
51
21
165
234
31
150
209
248
35
138
127
254
141
232
130
230
70
55
79
177
211
246
150
101
210
239
214
125
103
11
108
222
208
97
205
80
205
7
170
62
77
204
46
224
157
251
189
84
188
177
135
92
220
111
45
158
30
177
81
220
156
109
89
218
195
166
14
253
214
124
109
111
206
221
177
100
52
168
43
21
155
112
88
215
200
176
117
20
106
150
91
23
164
169
187
132
225
15
139
211
244
2
253
8
22
153
153
7
34
151
128
134
93
209
141
158
198
97
176
157
27
75
237
117
107
44
66
196
195
249
79
83
204
136
186
93
160
51
175
197
141
29
249
73
172
179
112
22
118
47
26
167
79
196
239
12
196
171
246
51
31
177
210
143
44
218
43
219
225
46
235
1
96
187
156
204
145
79
175
219
120
95
111
60
204
18
69
1
90
153
231
170
189
208
88
85
159
244
16
108
104
56
123
207
191
49
218
15
95
17
199
120
72
84
100
158
226
81
113
198
83
28
170
55
213
208
109
244
22
134
82
247
242
68
23
10
108
170
14
91
24
172
172
81
210
168
128
97
226
188
74
114
16
203
160
194
146
57
15
122
99
199
13
198
130
74
64
123
12
14
24
60
16
135
237
44
19
232
124
188
95
65
62
96
98
99
12
229
173
104
219
197
154
108
236
79
83
181
144
91
25
108
68
62
152
172
20
17
212
122
206
181
40
22
17
238
144
131
42
220
54
5
131
229
51
115
242
104
172
163
223
73
31
164
87
76
29
224
190
36
146
141
248
70
6
88
168
190
147
239
131
248
13
78
3
216
217
63
149
82
179
175
67
252
213
1
44
50
199
222
5
231
166
121
171
99
112
73
8
68
156
163
210
244
158
137
130
138
37
237
164
179
170
90
237
109
221
108
10
101
141
242
30
14
164
168
222
120
134
41
4
145
35
222
27
131
150
63
241
209
232
16
66
203
193
3
92
107
152
110
84
243
28
8
37
111
232
126
91
59
130
173
22
215
194
158
212
219
38
1
231
59
28
0
142
137
181
1
183
211
192
232
118
208
94
250
170
135
48
159
126
99
248
71
174
14
72
141
238
226
156
102
142
217
63
217
111
161
173
207
8
236
33
67
223
154
54
35
74
10
53
221
25
100
142
221
251
55
31
21
173
4
40
34
147
185
139
170
195
56
245
229
66
103
109
183
69
15
199
179
136
173
64
242
108
91
15
140
180
75
33
83
65
205
217
14
180
14
195
89
171
2
149
252
124
245
79
123
108
124
13
3
89
91
154
222
251
125
81
99
51
79
50
106
149
4
17
138
121
64
160
99
215
180
168
105
191
111
74
124
97
108
243
225
65
40
212
239
124
221
139
178
32
222
78
20
66
187
247
34
139
11
117
73
4
147
166
5
15
50
20
130
164
132
76
78
178
1
198
231
190
216
162
106
228
162
189
151
20
179
45
32
82
228
200
180
57
52
239
223
244
25
8
218
197
202
33
54
128
25
41
35
7
197
51
252
4
36
239
20
113
75
70
66
210
229
201
119
167
39
183
152
209
89
147
132
234
77
170
150
132
125
43
56
1
0
239
105
76
115
226
20
238
76
138
1
32
26
62
69
24
190
100
130
55
39
28
147
13
218
46
89
108
165
118
214
207
226
85
239
244
40
132
204
83
201
94
74
197
224
23
98
193
15
97
14
39
36
200
209
190
122
175
36
232
199
220
0
86
118
111
209
189
195
62
247
162
8
106
40
29
145
117
99
201
195
80
54
20
219
162
26
31
19
45
31
119
71
217
166
177
182
237
168
14
124
2
56
200
142
137
58
83
74
85
254
155
63
107
11
93
63
233
98
150
224
122
16
169
162
181
14
173
139
184
143
173
96
135
38
220
228
72
239
228
176
219
148
112
16
208
232
56
60
129
204
208
89
2
126
110
56
200
195
147
6
144
133
45
166
85
222
134
164
1
255
111
15
217
204
41
78
81
176
35
8
129
204
28
96
172
229
255
220
202
231
194
0
173
242
145
81
151
94
153
47
6
44
212
93
191
238
38
124
2
46
212
147
49
84
96
33
20
55
235
63
224
230
70
107
176
68
55
7
90
106
127
186
181
218
13
178
167
106
19
66
176
86
152
61
223
82
17
196
87
78
22
212
221
133
34
144
199
14
3
120
165
99
74
1
46
251
61
198
79
44
109
254
173
59
228
219
18
135
171
123
69
235
143
2
116
196
210
130
36
148
159
94
5
126
25
135
199
116
72
7
76
35
71
40
39
178
97
165
149
36
85
0
190
3
118
154
47
196
143
85
46
172
113
180
210
74
6
127
50
216
175
185
207
83
5
73
223
95
222
190
168
69
222
3
154
99
79
232
212
191
244
197
170
61
247
40
98
197
1
64
113
220
187
73
122
66
187
251
139
67
199
111
201
75
231
137
135
198
133
236
210
224
173
44
96
81
104
127
44
72
71
246
143
32
138
125
44
198
130
161
98
89
219
73
104
132
199
73
74
221
61
13
178
115
203
123
122
93
28
210
190
129
253
175
108
88
150
14
81
188
126
217
166
206
250
232
42
93
199
40
12
96
119
28
175
212
31
124
162
152
130
102
150
228
168
93
140
24
243
120
89
36
255
235
6
14
185
206
191
176
94
15
146
49
113
204
192
26
94
194
169
247
130
114
142
215
18
233
198
226
209
65
194
38
241
228
237
133
91
168
232
208
128
239
178
132
195
117
174
16
134
110
156
219
86
57
194
237
169
80
105
39
205
203
62
167
62
122
56
80
198
247
44
110
210
16
165
244
91
225
82
3
251
61
77
51
13
18
126
42
142
33
202
72
15
32
37
82
166
240
124
75
255
74
111
222
200
189
103
18
24
38
59
146
99
34
97
147
119
199
236
1
51
97
101
185
230
64
111
213
185
34
144
48
190
138
31
192
164
103
16
126
201
97
27
170
202
206
186
232
124
235
244
218
5
253
182
101
118
77
233
7
10
128
152
124
230
241
57
240
194
18
181
20
182
151
37
61
128
53
174
200
105
75
220
124
43
125
149
103
62
10
211
57
142
70
25
9
97
240
82
49
113
193
187
53
129
97
218
104
207
68
185
254
95
138
63
105
160
18
44
111
152
134
212
203
254
0
56
20
204
176
57
190
66
21
179
192
28
71
207
201
117
32
216
72
117
30
216
230
185
159
151
211
44
225
108
246
66
60
139
56
17
232
147
248
75
20
115
214
197
64
190
231
160
97
152
253
166
113
209
6
247
6
143
106
121
67
183
142
246
71
196
191
130
191
67
234
227
238
20
187
183
22
110
43
235
144
17
244
122
229
243
201
172
31
122
205
142
17
56
27
17
155
247
157
214
44
166
229
186
222
102
243
84
89
42
48
69
215
205
62
103
162
193
82
11
171
118
41
64
62
120
250
8
46
190
173
196
58
68
83
7
238
20
96
154
11
254
143
40
235
119
113
56
60
245
101
171
114
114
106
24
93
41
150
67
40
106
93
3
89
93
184
183
129
168
182
50
189
89
33
142
50
56
231
108
250
109
100
118
200
64
154
172
107
99
189
247
153
22
30
48
240
154
102
71
65
114
252
172
165
84
125
15
88
16
216
114
133
162
8
19
97
40
212
54
252
21
196
9
31
171
47
115
199
176
45
29
105
146
70
255
252
146
241
170
123
201
162
203
179
40
137
214
9
94
142
32
165
177
151
235
70
149
217
111
230
107
61
132
133
59
171
204
170
36
16
54
142
56
69
173
70
130
93
2
16
191
164
99
33
114
215
110
197
250
48
177
28
178
122
232
248
232
214
21
78
25
234
140
29
230
97
58
194
78
224
109
197
28
169
234
68
238
255
229
192
108
164
18
247
4
59
91
134
209
212
80
119
146
168
5
141
23
78
92
228
41
196
88
117
110
122
81
110
37
29
168
253
151
186
14
155
7
65
45
64
32
119
251
98
49
61
5
252
58
92
56
247
41
177
187
41
24
119
210
179
46
46
218
2
65
229
120
87
139
44
56
85
33
127
18
235
53
13
11
229
130
71
83
3
64
53
121
92
180
172
211
207
189
223
83
14
1
190
26
194
210
129
116
114
226
168
4
228
204
189
114
65
218
25
135
116
37
238
252
61
238
212
208
137
182
104
55
38
19
176
125
165
136
108
68
129
141
55
50
91
11
1
76
184
187
134
81
59
87
240
223
25
52
234
87
18
234
56
60
95
21
174
249
69
101
78
79
93
57
2
230
13
94
6
139
122
169
138
82
248
233
74
65
86
218
133
148
224
175
162
239
53
34
69
203
99
202
244
157
11
186
254
76
124
110
191
65
191
100
178
120
231
76
92
154
57
176
163
175
245
159
224
77
141
104
70
81
61
241
252
35
204
79
67
56
122
59
242
75
65
87
68
133
231
96
209
51
2
146
46
184
218
80
131
116
14
55
198
104
125
248
54
4
73
124
155
57
238
66
128
228
66
75
7
124
197
143
31
21
171
12
103
206
203
70
122
225
55
121
122
229
250
51
180
143
174
205
196
77
254
190
178
208
232
172
146
202
40
211
229
174
193
98
50
167
185
177
239
119
190
81
29
195
100
242
98
180
188
185
117
21
149
80
222
88
106
11
134
113
7
119
184
139
252
17
115
63
184
42
27
122
121
238
135
48
197
128
249
3
168
247
180
220
206
30
239
234
175
186
191
63
81
42
71
190
32
94
27
200
251
166
32
201
19
98
65
170
78
148
214
240
17
14
24
124
140
162
250
189
197
182
247
37
79
223
106
165
249
49
217
30
142
163
171
226
18
197
140
231
3
252
101
218
235
93
184
180
71
73
12
185
252
235
252
121
182
228
152
14
165
54
23
226
54
247
182
61
189
135
235
27
143
153
192
109
127
159
178
244
80
255
93
227
229
84
203
107
217
113
106
205
242
167
153
255
65
242
140
82
253
63
180
33
105
141
130
42
111
81
156
69
105
245
205
33
210
20
1
58
175
229
250
42
130
149
177
27
23
109
5
223
71
216
208
60
135
154
27
252
55
116
186
170
188
91
226
43
30
164
40
181
52
4
124
189
234
144
153
248
71
196
29
130
206
38
141
247
56
166
254
37
68
131
64
201
118
175
191
228
183
191
87
123
251
34
79
68
125
217
203
45
71
53
47
107
36
192
43
130
135
112
29
89
149
210
154
121
42
226
187
3
248
89
228
123
10
228
225
77
160
245
7
110
233
178
1
191
164
148
133
181
12
246
145
172
188
215
238
86
230
21
100
3
108
176
148
127
1
232
180
235
161
236
166
3
85
48
184
44
68
28
98
207
163
158
213
249
204
143
131
53
119
249
203
169
128
208
223
229
185
62
91
205
152
92
236
111
8
96
42
28
148
197
29
85
197
195
193
80
196
118
129
121
187
75
201
96
201
66
157
104
48
180
126
24
211
247
40
245
208
197
180
111
178
70
86
63
247
65
176
183
95
156
209
4
26
189
41
212
64
145
0
205
11
15
31
215
231
35
131
37
183
200
127
252
1
194
192
121
55
231
192
255
224
155
149
46
170
252
86
175
49
166
13
194
137
66
139
241
160
43
67
206
93
32
18
61
96
71
235
199
74
243
197
59
236
154
128
134
172
254
82
50
157
149
222
63
73
160
62
251
220
123
140
44
215
68
184
107
141
24
83
171
157
199
204
39
178
174
4
159
166
181
235
166
31
168
22
79
44
66
68
243
218
170
198
122
203
123
171
178
178
197
57
249
159
96
229
87
0
200
42
110
133
102
158
123
132
133
22
137
23
88
19
209
19
143
128
191
254
47
213
167
26
110
102
72
89
199
40
25
152
93
215
94
50
251
153
137
38
205
100
44
107
173
255
34
185
214
78
164
0
153
220
50
135
232
47
182
53
65
9
202
212
226
78
149
13
123
139
179
241
210
96
226
83
249
18
159
0
145
75
73
203
208
23
188
47
200
61
138
155
209
57
217
199
151
218
223
114
7
193
195
44
194
104
106
253
41
193
194
86
62
27
34
100
144
24
238
235
36
7
208
229
97
68
22
68
63
68
248
71
102
252
69
170
233
100
250
158
12
57
18
188
93
52
114
186
217
27
223
53
196
54
247
11
150
26
89
111
150
186
68
197
165
254
43
73
195
143
249
250
228
51
173
79
178
23
52
173
222
191
87
53
119
117
153
232
209
242
164
0
221
249
120
158
223
88
107
42
12
238
152
109
52
161
251
150
54
138
69
238
71
50
171
167
232
231
176
59
108
206
21
112
95
221
25
19
37
198
210
123
139
222
96
45
180
176
109
169
122
87
80
129
66
94
131
66
19
219
114
72
231
146
166
175
249
85
180
119
181
22
99
74
34
104
150
215
80
228
117
161
153
57
192
97
140
16
232
54
252
129
175
68
88
21
157
5
70
86
111
127
97
87
52
91
216
144
117
191
164
252
50
141
58
44
65
78
232
110
184
167
74
57
126
10
116
72
90
250
161
193
120
219
253
245
187
73
125
82
153
50
157
216
250
84
97
194
103
30
128
37
115
160
201
176
126
228
21
10
37
113
25
245
103
67
172
84
229
35
43
185
246
76
190
249
181
213
253
255
21
251
157
104
3
135
184
63
212
208
240
98
56
224
134
202
115
132
144
1
40
11
97
4
204
71
193
58
6
185
40
225
86
249
245
244
71
249
168
22
158
124
98
227
237
140
133
118
253
129
46
128
42
90
96
69
32
112
175
27
180
90
172
202
156
238
255
74
158
121
78
172
53
205
128
42
246
164
24
204
132
155
16
233
225
94
173
242
52
128
170
32
44
119
74
164
10
159
107
185
33
225
109
35
225
96
178
226
166
179
166
101
243
225
207
193
88
153
11
17
255
213
38
175
116
125
120
224
209
167
91
60
69
94
222
189
238
194
183
120
252
2
205
31
47
157
124
225
217
18
49
48
182
220
171
166
98
101
136
218
154
148
132
190
12
127
119
63
188
65
92
126
198
104
115
25
183
126
186
76
95
247
82
81
168
128
128
129
39
93
107
116
124
45
179
226
17
89
39
70
12
94
192
130
33
159
153
199
228
52
172
220
218
16
75
207
101
141
69
240
23
137
138
78
96
13
174
145
58
199
189
26
238
26
184
37
126
50
164
12
94
87
182
176
22
155
204
63
2
160
9
157
234
39
66
6
136
40
184
126
199
47
88
33
247
51
70
37
166
160
170
187
202
185
82
12
154
93
178
162
225
227
109
250
113
201
59
249
180
132
164
68
16
196
208
120
242
172
105
42
249
227
249
205
129
173
51
27
252
238
17
65
202
196
132
101
141
193
79
84
69
30
136
167
160
114
51
89
178
47
122
16
229
251
249
235
32
132
53
16
116
188
233
6
78
37
30
50
9
158
20
107
18
220
75
207
135
100
143
128
86
179
22
146
144
232
65
103
152
178
0
203
255
7
224
48
244
251
34
174
16
100
152
250
180
119
108
64
157
109
28
58
161
2
220
150
170
230
85
118
159
219
72
207
236
158
32
32
34
75
242
240
85
199
180
251
237
47
192
222
19
213
126
180
157
80
93
114
210
78
7
114
230
145
202
193
245
217
6
128
132
67
184
72
100
158
90
225
83
9
127
120
95
115
219
194
107
244
129
112
102
45
217
124
63
174
135
196
71
154
115
181
54
62
203
72
81
217
109
100
160
118
204
49
96
189
106
19
115
162
176
43
80
254
84
161
107
162
170
210
140
8
159
125
171
35
90
221
10
149
50
188
12
246
195
246
170
106
165
147
64
179
168
180
150
133
32
48
140
245
206
22
143
193
200
184
34
47
73
224
210
26
128
165
93
98
255
188
125
229
29
106
246
169
124
120
236
202
180
144
49
15
108
2
206
98
196
24
15
206
120
4
7
241
235
86
198
58
111
142
249
198
12
104
177
219
210
61
127
80
110
244
172
162
190
48
132
136
181
172
160
233
105
180
63
252
63
77
220
88
218
245
118
226
132
142
162
49
181
118
207
55
172
118
77
110
169
242
195
102
119
73
120
202
179
138
217
91
243
18
134
205
249
64
122
251
50
152
254
154
61
76
76
49
91
33
173
9
13
248
100
203
117
139
190
3
247
183
21
162
161
157
53
125
193
233
243
189
173
22
221
1
65
39
90
238
102
220
135
244
102
159
173
140
59
21
63
9
254
115
223
112
40
81
66
145
59
225
3
248
123
76
67
106
131
24
109
144
104
124
82
85
224
199
37
118
51
87
159
176
24
176
249
98
69
11
167
8
233
18
85
197
71
221
0
181
101
87
69
22
65
6
167
155
211
128
79
173
172
90
54
106
91
150
23
249
80
2
127
243
141
172
43
245
161
15
172
106
141
242
153
163
135
187
41
154
186
21
250
54
179
232
191
232
76
99
160
202
27
87
123
59
31
208
221
41
47
128
215
69
183
92
221
115
14
162
148
111
116
245
92
181
75
53
47
137
162
201
137
18
177
19
253
252
145
137
150
114
127
108
219
13
200
193
151
144
162
144
35
57
127
87
245
40
238
7
22
50
110
225
142
171
24
84
59
163
76
193
73
103
130
118
34
112
7
198
91
75
155
135
42
252
38
20
10
19
39
34
220
165
161
242
221
18
233
51
220
207
198
3
202
192
249
238
101
93
37
224
193
10
147
67
87
66
90
64
134
11
142
122
95
59
129
210
152
56
21
132
246
172
48
208
159
92
62
155
213
22
101
129
255
177
135
1
237
75
31
172
91
133
135
2
49
7
120
211
233
191
175
63
120
149
117
30
109
115
154
42
116
200
161
171
85
161
24
98
130
233
75
82
60
96
185
208
57
145
17
41
70
149
43
85
166
106
49
119
20
192
171
208
103
107
228
77
69
174
107
173
77
135
128
94
166
127
130
131
187
7
18
1
63
255
242
228
27
145
103
197
40
202
110
190
194
191
235
179
148
192
121
241
42
235
22
126
240
73
242
116
105
58
47
178
129
249
192
215
112
235
230
255
250
156
104
220
58
216
19
44
75
151
183
248
110
202
23
5
244
157
122
189
47
195
77
216
75
82
30
240
79
88
70
13
151
0
81
68
96
153
12
46
44
183
208
1
134
52
183
193
161
211
123
184
199
157
28
212
37
146
77
71
44
229
65
192
13
57
202
69
32
51
154
197
16
91
147
116
17
250
197
104
54
235
228
50
27
124
254
94
59
79
94
17
141
184
43
241
202
58
249
52
254
125
62
69
179
210
11
109
26
154
218
105
173
116
73
21
226
161
194
18
17
192
54
195
165
154
197
175
149
191
82
8
203
133
194
173
137
135
212
166
45
180
60
182
105
10
194
44
68
109
23
13
200
124
128
73
176
151
128
81
15
168
218
189
200
16
13
16
195
195
25
190
72
70
123
12
192
38
180
23
42
37
43
110
77
122
220
121
82
126
137
156
220
185
107
48
79
133
184
163
253
1
245
28
234
23
99
142
169
75
99
238
142
61
8
74
248
169
177
178
240
181
71
122
141
95
185
85
107
200
96
117
203
11
213
250
73
122
59
0
212
60
42
109
239
224
90
134
62
247
5
144
127
236
56
165
30
239
212
138
135
154
62
40
82
37
154
221
245
188
75
181
153
246
158
9
127
182
96
81
64
235
84
182
170
231
30
53
16
238
114
15
99
128
179
231
227
187
137
198
212
41
80
59
13
114
173
225
86
207
182
114
166
191
106
71
178
89
144
123
160
70
54
163
64
125
232
64
147
16
60
239
134
248
51
0
90
135
48
144
148
178
51
149
145
12
141
168
87
235
18
14
70
186
25
101
185
60
109
2
167
156
206
24
89
195
101
81
170
137
79
129
43
25
198
181
218
68
235
42
223
88
84
117
36
141
115
225
135
81
23
26
64
139
13
5
187
165
208
225
230
99
75
205
194
105
172
73
187
253
157
189
173
11
220
157
243
245
171
23
103
118
157
191
123
116
77
72
38
59
115
52
72
142
34
101
24
2
124
8
206
128
224
53
5
67
228
192
99
56
160
205
248
121
210
187
16
114
145
202
163
220
60
94
41
97
188
82
210
126
222
218
14
9
231
133
197
112
76
208
159
93
224
193
218
119
165
31
174
95
55
187
114
131
108
163
249
222
145
233
136
41
155
36
235
152
53
188
170
211
78
213
207
99
83
8
213
248
159
84
188
195
183
248
10
222
201
6
211
146
15
166
136
206
119
135
225
104
141
100
183
32
70
24
190
187
81
186
26
144
18
211
155
130
78
150
246
175
83
114
70
16
36
180
230
195
125
254
124
214
104
181
171
113
56
169
139
62
165
119
129
240
77
116
167
120
2
15
212
47
244
78
189
136
32
109
59
168
226
243
47
111
1
119
225
203
226
44
117
169
224
95
168
251
26
195
80
3
191
232
135
118
102
248
196
56
45
74
212
47
192
149
171
132
7
18
104
45
212
37
206
239
146
92
88
176
233
127
123
185
217
102
107
247
213
48
166
30
96
91
46
168
93
66
113
51
142
58
143
112
147
243
234
208
195
92
167
180
35
152
82
124
16
140
106
38
124
158
217
86
105
14
147
57
16
43
211
20
23
82
11
184
216
136
39
137
140
214
104
43
138
26
47
50
29
106
97
40
242
233
24
110
119
223
5
60
211
103
139
173
61
22
250
238
151
203
170
243
240
82
98
185
156
40
177
237
77
195
170
34
200
19
85
165
70
63
112
187
13
79
7
210
46
165
181
4
41
137
153
167
75
38
187
71
80
20
102
153
129
48
22
71
136
5
173
77
34
204
212
105
63
61
203
94
33
13
233
120
151
118
185
169
172
125
40
177
157
18
138
147
215
90
184
218
178
117
144
133
124
179
121
18
129
151
197
227
216
48
190
3
116
139
205
212
136
165
45
93
93
128
162
185
81
162
227
222
99
18
157
0
157
243
102
229
8
225
188
205
84
244
22
61
122
6
209
77
99
177
88
212
166
156
36
233
10
150
18
92
30
29
110
147
171
71
77
39
209
118
15
55
239
223
49
35
231
187
74
251
101
141
157
93
174
176
200
13
86
198
81
68
135
113
0
187
20
189
240
246
246
145
199
83
113
229
176
176
39
246
2
160
84
68
140
48
65
19
228
156
21
190
248
219
255
57
241
56
222
149
132
183
2
199
156
180
123
7
35
6
36
54
107
88
146
32
193
228
137
137
238
99
135
169
178
211
79
9
152
111
43
43
240
137
19
187
201
59
133
135
229
139
203
150
186
253
81
96
214
220
75
13
205
173
99
179
251
242
111
84
174
246
130
147
139
246
183
241
47
110
16
121
227
224
2
112
163
234
227
215
176
147
191
48
234
235
120
42
116
79
175
55
114
234
96
174
78
143
131
116
46
210
47
49
19
210
26
198
239
80
186
25
142
80
215
202
87
177
252
164
122
59
58
100
2
69
221
198
141
81
139
140
25
134
187
62
55
7
187
124
159
107
76
179
89
7
114
96
51
163
157
75
185
55
100
152
139
88
51
48
162
214
213
209
105
12
241
122
198
138
140
135
100
50
180
234
246
164
111
202
51
2
221
191
127
240
204
16
241
114
54
56
130
89
119
24
7
244
126
226
237
116
245
226
94
122
207
40
86
249
168
218
39
184
240
163
159
27
99
88
74
15
17
125
24
119
156
255
254
106
166
73
216
228
153
108
18
27
228
160
69
229
160
128
100
157
27
156
55
37
48
180
50
225
131
64
234
221
230
57
245
253
202
213
14
0
88
148
122
76
153
79
186
252
79
36
232
34
115
8
139
230
230
172
208
84
60
143
50
50
71
177
193
64
238
107
36
111
15
78
23
27
197
7
35
140
93
244
140
198
182
236
47
61
127
249
157
215
98
255
203
53
205
83
56
92
24
234
67
223
131
165
157
80
152
3
205
246
4
35
121
129
185
174
124
209
148
236
191
50
228
244
202
176
213
235
167
146
152
165
226
226
48
44
255
113
72
111
53
234
186
160
28
122
100
44
130
62
235
221
121
231
126
122
15
33
117
178
154
97
18
149
70
77
250
208
37
221
124
196
13
32
151
188
155
17
241
85
24
43
221
5
32
237
135
187
181
205
209
208
170
106
119
72
44
193
136
207
89
210
205
134
133
81
128
231
118
129
3
232
10
255
98
188
27
51
176
223
252
168
20
41
169
62
24
132
192
240
124
75
100
193
142
225
169
152
113
63
200
62
141
168
193
190
154
135
78
204
0
36
87
183
182
246
26
86
153
175
200
71
90
48
159
217
154
208
227
39
40
11
135
126
28
125
154
188
118
25
213
190
212
41
151
99
211
121
12
218
102
222
21
60
156
222
188
108
116
175
111
87
38
144
88
190
141
19
190
82
58
172
187
236
5
131
90
243
114
165
23
211
48
86
197
121
239
253
177
244
128
243
219
32
94
72
32
136
249
215
40
118
70
237
235
80
214
227
55
168
178
161
53
194
101
246
58
148
82
125
6
254
87
32
18
254
98
34
223
214
86
70
253
202
104
79
217
15
132
144
69
207
197
237
72
115
129
180
192
151
167
17
148
180
7
148
56
136
204
223
113
52
19
199
157
192
41
180
14
83
198
112
241
221
65
106
55
107
190
16
66
72
214
79
89
61
228
59
1
139
161
87
206
68
172
102
61
37
45
14
83
186
151
20
248
100
121
221
2
250
133
27
33
207
178
87
154
143
21
41
229
104
111
27
113
166
95
232
188
13
82
116
121
69
236
90
8
190
211
123
161
74
145
201
140
124
106
162
155
169
28
164
23
246
201
81
111
92
3
151
224
45
31
161
227
15
136
177
153
244
176
78
107
177
173
61
129
142
134
177
57
121
84
202
207
151
17
20
247
32
138
190
38
113
255
222
163
125
88
239
31
55
31
115
17
84
251
160
67
90
215
219
23
188
62
68
41
35
62
60
221
166
32
87
60
10
227
149
178
137
215
158
199
142
170
250
48
151
58
124
106
167
184
38
49
132
133
55
247
52
170
251
177
153
137
160
253
223
84
51
39
68
202
81
75
163
117
42
152
198
5
26
12
131
108
192
97
239
231
202
125
227
65
135
236
68
89
43
67
133
188
26
157
252
150
19
182
116
253
75
24
213
175
60
172
216
108
44
249
245
136
197
223
251
33
206
15
20
17
201
230
27
212
244
196
144
48
50
194
103
185
148
101
176
139
177
236
123
26
172
159
234
159
150
61
